time,x,y,z,phi,theta,psi,x_velocity,y_velocity,z_velocity,phi_velocity,theta_velocity,psi_velocity,rotor_speed1,rotor_speed2,rotor_speed3,rotor_speed4
0.02,0.0,0.0,10.023181487434956,2.1133291435004153,5.644656544626166,0.0,0.0,0.0,2.318148743495496,8.923277535365347,-6.0350687086371,0.0,-1224.113338126805,-423.87887136458795,-1538.7762767033514,2077.91783553654
0.04,0.0149782357304958,0.01729403746184684,10.057176998662955,1.3006622519807465,3.912222280690436,0.0,1.49782357304958,1.729403746184684,1.081402379304549,17.491588851003982,-11.906665260134108,0.0,-1224.113338126805,-423.87887136458795,-1538.7762767033514,2077.91783553654
0.06,0.06246687574797298,0.034515748317801895,10.072035832614349,5.089509679039786,5.695235220702571,0.0,3.251040428698138,-0.007232660589178375,0.40448101583483287,25.050921742041034,-17.308057091796385,0.0,-1224.113338126805,-423.87887136458795,-1538.7762767033514,2077.91783553654
0.08,0.1413871370787666,0.01493280304841181,10.085861855625959,5.502933835819636,3.818139934498891,0.0,4.640985704381223,-1.9510618663498305,0.9781212853263016,31.17659911576515,-22.006021857520246,0.0,-1224.113338126805,-423.87887136458795,-1538.7762767033514,2077.91783553654
0.1,0.25002283082636534,-0.010356186807970014,10.089584825239212,4.095097990295358,4.597875861069738,0.0,6.22258367037865,-0.5778371192883518,-0.6058243240009348,35.76680668983401,-25.87979048016689,0.0,-1224.113338126805,-423.87887136458795,-1538.7762767033514,2077.91783553654
0.12000000000000001,0.3990937230389175,-0.019612452088797493,10.077139139362624,3.7125460397548196,2.441885173709835,0.0,8.684505550876562,-0.34778940879439596,-0.6387442636579959,38.98714742424159,-28.927671852341017,0.0,-1224.113338126805,-423.87887136458795,-1538.7762767033514,2077.91783553654
0.14,0.5569633856746444,-0.016267186221679067,10.078439631480604,0.514244543809081,4.505532526375539,0.0,7.102460712696132,0.6823159955062383,0.7687934754560164,41.13430408492055,-31.226454482218198,0.0,-1224.113338126805,-423.87887136458795,-1538.7762767033514,2077.91783553654
0.16,0.723189225299505,-0.005103167886693759,10.087460042882556,2.289455535725274,5.302723835814248,0.0,9.520123249789929,0.4340858379922924,0.13324766473927063,42.51453950702635,-32.912704996870794,0.0,-1224.113338126805,-423.87887136458795,-1538.7762767033514,2077.91783553654
0.18,0.9338884789924012,0.013921483650479162,10.079116938639407,3.5143250164614273,5.369642249956602,0.0,11.549802119499686,1.4683793157249996,-0.9675580890542037,43.38007828789711,-34.117007711373894,0.0,-1224.113338126805,-423.87887136458795,-1538.7762767033514,2077.91783553654
0.19999999999999998,1.1839842471139561,0.0378390703793075,10.043828928798122,4.524563129548067,5.044071628984922,0.0,13.459774692655822,0.923379357157834,-2.561242895074187,43.91418791583636,-34.96172012782792,0.0,-1224.113338126805,-423.87887136458795,-1538.7762767033514,2077.91783553654
0.21999999999999997,1.4754548708807178,0.04866867197343383,9.989157209026901,5.45606888566526,4.516256353775846,0.0,15.68728768402034,0.15958080225479943,-2.905929082047861,44.240445476056706,-35.5472440425359,0.0,-1224.113338126805,-423.87887136458795,-1538.7762767033514,2077.91783553654
0.23999999999999996,1.811471902375595,0.0551009810004223,9.926070408481712,0.07730261677222217,3.886087159338034,0.0,17.91441546546736,0.4836501004440473,-3.4027509724709604,44.43848652617215,-35.94917858052165,0.0,-1224.113338126805,-423.87887136458795,-1538.7762767033514,2077.91783553654
0.25999999999999995,2.1857780833121363,0.06348992682587168,9.83950808414249,0.9732423401151271,3.204593944027641,0.0,19.516202628186797,0.35524448210089127,-5.253481461451197,44.55823620524864,-36.223004643196624,0.0,-1224.113338126805,-423.87887136458795,-1538.7762767033514,2077.91783553654
0.27999999999999997,2.5793517181668095,0.050008315084934446,9.718578707057985,1.867016337461779,2.496742356306367,0.0,19.841160857280542,-1.703405656194615,-6.839456246999294,44.630475713022136,-36.405259986836576,0.0,-1224.113338126805,-423.87887136458795,-1538.7762767033514,2077.91783553654
0.3,2.962822433515334,-0.0027269368907324107,9.585758080240948,2.760572714817865,1.7755915964485727,0.0,18.505910677571887,-3.5701195413720708,-6.442606434704324,44.673992677430114,-36.52319590061128,0.0,-1224.113338126805,-423.87887136458795,-1538.7762767033514,2077.91783553654
0.32,3.3118094730983603,-0.07562625904099371,9.459075572309525,3.6544085694929773,1.0481564308681852,0.0,16.392793280730764,-3.7198126736540598,-6.2256443584380925,44.70067604777608,-36.60102587468089,0.0,-1224.113338126805,-423.87887136458795,-1538.7762767033514,2077.91783553654
0.34,3.6183617322484403,-0.15551006345755022,9.322854447659157,4.54854315693764,0.3176337806529075,0.0,14.262432634277257,-4.268567768001593,-7.3964681065985545,44.71623667045913,-36.655759178588845,0.0,-1224.113338126805,-423.87887136458795,-1538.7762767033514,2077.91783553654
0.36000000000000004,3.894766134556372,-0.2640856751182001,9.168927858349605,5.442911675158616,5.868526203702737,0.0,13.378007596515912,-6.588993398063395,-7.996190824356528,44.72559453472331,-36.6963128329746,0.0,-1224.113338126805,-423.87887136458795,-1538.7762767033514,2077.91783553654
0.38000000000000006,4.171721321065202,-0.41336853075882907,9.022074223091048,0.05425408800473264,5.135011736807023,0.0,14.317511054367076,-8.339292165999503,-6.689172701499048,44.73122113782593,-36.72501090830305,0.0,-1224.113338126805,-423.87887136458795,-1538.7762767033514,2077.91783553654
0.4000000000000001,4.479803724019361,-0.5798686182569092,8.896858633545405,0.94888423219854,4.400731636569873,0.0,16.490729241048875,-8.310716583808508,-5.832386253065267,44.734603869647685,-36.74599270655346,0.0,-1224.113338126805,-423.87887136458795,-1538.7762767033514,2077.91783553654
0.4200000000000001,4.830288087005814,-0.7514134788831852,8.774428044519995,1.8435774733962393,3.6659334555800296,0.0,18.557707057596335,-8.843769478819095,-6.410672649475721,44.736129520161626,-36.76159226688227,0.0,-1224.113338126805,-423.87887136458795,-1538.7762767033514,2077.91783553654
0.4400000000000001,5.213529678014053,-0.9469378094565952,8.649812095415554,2.738301079189151,2.9307566057041914,0.0,19.766452043227684,-10.708663578521907,-6.050922260968454,44.73755457432102,-36.7720799226553,0.0,-1224.113338126805,-423.87887136458795,-1538.7762767033514,2077.91783553654
0.46000000000000013,5.605255997477466,-1.1701613505810327,8.54975751372068,3.6330525375915883,2.1953151042380235,0.0,19.40617990311359,-11.613690533921844,-3.954535908518905,44.73841121428695,-36.772520347307136,0.0,-1224.113338126805,-423.87887136458795,-1538.7762767033514,2077.91783553654
0.48000000000000015,5.9765252679298575,-1.3963806260417695,8.479347017206383,4.527822354964233,1.4598730852034283,0.0,17.72074714212559,-11.00823701215185,-3.0865137429108285,44.7401961999479,-36.76842451734297,0.0,-1224.113338126805,-423.87887136458795,-1538.7762767033514,2077.91783553654
0.5000000000000001,6.308467290024014,-1.6182195126885166,8.415337484335822,5.42262629838314,0.7245061292024797,0.0,15.473455067290088,-11.175651652522863,-3.314439544145167,44.73999912154334,-36.766672749144604,0.0,-1224.113338126805,-423.87887136458795,-1538.7762767033514,2077.91783553654
0.5200000000000001,6.6006342344107045,-1.8555552038413827,8.35840292458218,0.03424098065123715,6.272360389143285,0.0,13.743239371378907,-12.557917462763742,-2.3790164312189948,44.73988065791547,-36.76886717121453,0.0,-1224.113338126805,-423.87887136458795,-1538.7762767033514,2077.91783553654
0.5400000000000001,6.874916133505621,-2.1065548385656663,8.333948313822177,0.9290385963448742,5.536985965803918,0.0,13.684950538112671,-12.542046009664617,-0.06644464478129875,44.739809449383,-36.77128381555132,0.0,-1224.113338126805,-423.87887136458795,-1538.7762767033514,2077.91783553654
0.5600000000000002,7.164714419386262,-2.3420793951212224,8.342415457583758,1.8238347862486055,4.801565136822607,0.0,15.294878049951512,-11.010409645890997,0.9131590209395432,44.73976664584643,-36.77439744035646,0.0,-1224.113338126805,-423.87887136458795,-1538.7762767033514,2077.91783553654
0.5800000000000002,7.493614825659988,-2.559640011209691,8.358048332856237,2.718630119496531,4.066096064221156,0.0,17.595162577421195,-10.745651962955858,0.6501285063083324,44.73974091656611,-36.780541739450626,0.0,-1224.113338126805,-423.87887136458795,-1538.7762767033514,2077.91783553654
0.6000000000000002,7.863437937557971,-2.7796277296571295,8.381359604442927,3.6134249379474497,3.3304943675940173,0.0,19.387148612377082,-11.25311988178804,1.6809986523606397,44.739725450643085,-36.78481682117437,0.0,-1224.113338126805,-423.87887136458795,-1538.7762767033514,2077.91783553654
0.6200000000000002,8.257622285236334,-2.99314932246922,8.434481376583783,4.508219447003524,2.5947998641418266,0.0,20.031286155459146,-10.099039399421029,3.6311785617250028,44.73971615404228,-36.78290215603584,0.0,-1224.113338126805,-423.87887136458795,-1538.7762767033514,2077.91783553654
0.6400000000000002,8.64745506499418,-3.176444599051878,8.508867461154248,5.4030137789568435,1.8591656797095357,0.0,18.95199182032553,-8.230488258844776,3.8074298953215773,44.73984936419383,-36.77599437948686,0.0,-1224.113338126805,-423.87887136458795,-1538.7762767033514,2077.91783553654
0.6600000000000003,9.00641076368142,-3.3364441707445303,8.579213131432248,0.014626040540024476,1.1236591349631517,0.0,16.943578048398443,-7.769468910420456,3.2271371324783686,44.74092776939646,-36.77082856041264,0.0,-1224.113338126805,-423.87887136458795,-1538.7762767033514,2077.91783553654
0.6800000000000003,9.324126915251298,-3.491967772544535,8.651428620536066,0.9094447154421168,0.38824442656609737,0.0,14.828037108589537,-7.782891269580007,3.9944117779034753,44.74043886416371,-36.768898373272265,0.0,-1224.113338126805,-423.87887136458795,-1538.7762767033514,2077.91783553654
0.7000000000000003,9.610839171213723,-3.630224150492543,8.743257030570915,1.8042535359074954,5.93605181596694,0.0,13.843188487652991,-6.042746525220833,5.18842922558141,44.74014498628012,-36.76921360874581,0.0,-1224.113338126805,-423.87887136458795,-1538.7762767033514,2077.91783553654
0.7200000000000003,9.895235249490943,-3.72774535889224,8.83957668303517,2.699056451235565,5.200670760361232,0.0,14.596419340068996,-3.7093743147488767,4.44353602084408,44.7399683370932,-36.77174997197231,0.0,-1224.113338126805,-423.87887136458795,-1538.7762767033514,2077.91783553654
0.7400000000000003,10.208165034668134,-3.79684321483086,8.915767212448543,3.59385582361492,4.46525202857757,0.0,16.696559177650133,-3.2004112791131605,3.175516920493167,44.73986215338264,-36.777453945286226,0.0,-1224.113338126805,-423.87887136458795,-1538.7762767033514,2077.91783553654
0.7600000000000003,10.5638891142128,-3.858389450796257,8.98219535571654,4.488653068719522,3.7297169291961616,0.0,18.87584877681658,-2.9542123174265105,3.467297406306566,44.73979832628987,-36.78274157695176,0.0,-1224.113338126805,-423.87887136458795,-1538.7762767033514,2077.91783553654
0.7800000000000004,10.956010203773564,-3.898357120336436,9.053853942903144,5.3834490359813145,2.994063365723301,0.0,20.33626017925989,-1.0425546365913834,3.6985613123538736,44.73975995973736,-36.78433410084449,0.0,-1224.113338126805,-423.87887136458795,-1538.7762767033514,2077.91783553654
0.8000000000000004,11.360814458156415,-3.899827083747154,9.11044585083152,6.278244235441996,2.25838381763543,0.0,20.14416525902519,0.8955582955196226,1.960629480483506,44.73973689753284,-36.780556819012894,0.0,-1224.113338126805,-423.87887136458795,-1538.7762767033514,2077.91783553654
0.8200000000000004,11.746770022219494,-3.881847255492534,9.133053381211386,0.8898536663091541,1.5227896789810096,0.0,18.45139114728258,0.9024245299423853,0.3001235575032215,44.73972303479343,-36.77472625714677,0.0,-1224.113338126805,-423.87887136458795,-1538.7762767033514,2077.91783553654
0.8400000000000004,12.093990967623872,-3.862996088716347,9.137744848148694,1.7846481457423167,0.7873042211096397,0.0,16.270703393155237,0.9826921476762897,0.16902313622738552,44.73991661833434,-36.77046778991883,0.0,-1224.113338126805,-423.87887136458795,-1538.7762767033514,2077.91783553654
0.8600000000000004,12.40194651462267,-3.8272614856703604,9.13567165443845,2.6794464817686716,0.05189519056905123,0.0,14.52485130672464,2.5907681569223486,-0.37634250725182616,44.739831065217906,-36.769661244461,0.0,-1224.113338126805,-423.87887136458795,-1538.7762767033514,2077.91783553654
0.8800000000000004,12.69018327453413,-3.7642576784346455,9.103768413163914,3.57424310439535,5.599692618425232,0.0,14.298824684421378,3.709612566649165,-2.813981620201748,44.73977963915619,-36.772930974056614,0.0,-1224.113338126805,-423.87887136458795,-1538.7762767033514,2077.91783553654
0.9000000000000005,12.991062213254503,-3.6979794991016717,9.028168406143706,4.469038697656259,4.864247348178843,0.0,15.789069187615977,2.918205366648216,-4.746019081819061,44.739748726868946,-36.778098030228676,0.0,-1224.113338126805,-423.87887136458795,-1538.7762767033514,2077.91783553654
0.9200000000000005,13.329409442314088,-3.6430092573184782,8.93031261656703,5.3638336723662725,4.1286982726463,0.0,18.04565371834243,2.578818811671126,-5.039559875848648,44.739730145432716,-36.783174460476545,0.0,-1224.113338126805,-423.87887136458795,-1538.7762767033514,2077.91783553654
0.9400000000000005,13.708778232413742,-3.5818949147548858,8.820253022470226,6.258628275337305,3.3930406032589335,0.0,19.891225291623023,3.532615444688125,-5.966399533831738,44.73971897609101,-36.786586152773204,0.0,-1224.113338126805,-423.87887136458795,-1538.7762767033514,2077.91783553654
0.9600000000000005,14.113950118900336,-3.5107320870866743,8.676076394979008,0.8702373477020764,2.6573093966078076,0.0,20.625963357036426,3.5836673221330297,-8.451263215290043,44.73971226217396,-36.78760242472257,0.0,-1224.113338126805,-423.87887136458795,-1538.7762767033514,2077.91783553654
0.9800000000000005,14.51651969409555,-3.456557421805822,8.49078668628257,1.765031592953699,1.921570983401324,0.0,19.630994162485003,1.833799205952215,-10.07770765435359,44.7397082264224,-36.78238030102287,0.0,-1224.113338126805,-423.87887136458795,-1538.7762767033514,2077.91783553654
1.0000000000000004,14.88912140042816,-3.4270385319810437,8.289095689817321,2.6598260371917384,1.1859482840858622,0.0,17.62917647077598,1.1180897765256232,-10.091391992171397,44.7404561697246,-36.77532243944932,0.0,-1224.113338126805,-423.87887136458795,-1538.7762767033514,2077.91783553654
1.0200000000000005,15.219487180250956,-3.4009858757230274,8.078378832359569,3.554635205820878,0.4504464195567133,0.0,15.40740151150365,1.4871758492759892,-10.980293753603837,44.74015538858114,-36.77229448309656,0.0,-1224.113338126805,-423.87887136458795,-1538.7762767033514,2077.91783553654
1.0400000000000005,15.515391603213581,-3.379923633630813,7.8366286533999965,4.449438329936582,5.9981896388272204,0.0,14.183040784758731,0.6190483599454579,-13.194724142353385,44.739974589900854,-36.775051928599815,0.0,-1224.113338126805,-423.87887136458795,-1538.7762767033514,2077.91783553654
1.0600000000000005,15.805287793340922,-3.390439637125843,7.563832283197584,5.344237827640047,5.262694575912601,0.0,14.80657822797533,-1.6706487094484734,-14.084912877887835,44.73986591194597,-36.77850899596276,0.0,-1224.113338126805,-423.87887136458795,-1538.7762767033514,2077.91783553654
1.0800000000000005,16.121737553608668,-3.4351160466749717,7.28756469745585,6.239035148012734,4.527129096026389,0.0,16.838397798799168,-2.7969922454644243,-13.541845696285588,44.739800585566286,-36.78157494868377,0.0,-1224.113338126805,-423.87887136458795,-1538.7762767033514,2077.91783553654
1.1000000000000005,16.47982733373313,-3.4909518207617074,7.011236076196765,0.8506460720493685,3.791505344095018,0.0,18.970580213647047,-2.7865851632091787,-14.091016429622952,44.73913800742798,-36.785511201293914,0.0,-1224.113338126805,-423.87887136458795,-1538.7762767033514,2077.91783553654
1.1200000000000006,16.872198298269613,-3.559350665771361,6.7167996298358235,1.7454296073782682,3.0557986189189013,0.0,20.26651624000093,-4.053299337756164,-15.352628206471168,44.737892872623526,-36.78815651781989,0.0,-1224.113338126805,-423.87887136458795,-1538.7762767033514,2077.91783553654
1.1400000000000006,17.277224650750153,-3.6650425545840677,6.413274887228156,2.6401877252558865,2.3200405320271233,0.0,20.236119008053073,-6.5158895435145165,-14.999846054295512,44.738614572211766,-36.78498052518129,0.0,-1224.113338126805,-423.87887136458795,-1538.7762767033514,2077.91783553654
1.1600000000000006,17.667023293411773,-3.801495935661156,6.124074659030842,3.534961964159132,1.5843755793710965,0.0,18.743745258108902,-7.129448564194345,-13.920176765435926,44.74058812687801,-36.77665492038653,0.0,-1224.113338126805,-423.87887136458795,-1538.7762767033514,2077.91783553654
1.1800000000000006,18.02029022217962,-3.943560005662218,5.8449556110277365,4.4297737299775495,0.8488550482602069,0.0,16.582947618676073,-7.076958435911835,-13.99172803487464,44.740669131287355,-36.771641479085204,0.0,-1224.113338126805,-423.87887136458795,-1538.7762767033514,2077.91783553654
1.2000000000000006,18.33222058116438,-4.0995385019176505,5.558349787326784,5.324587186998119,0.11342240768771461,0.0,14.610088279799522,-8.520891189631461,-14.668854335220619,44.74028339867628,-36.77225631111445,0.0,-1224.113338126805,-423.87887136458795,-1538.7762767033514,2077.91783553654
1.2200000000000006,18.62066604684095,-4.290975104263335,5.276197952815164,6.219392881851679,5.661163261539243,0.0,14.234458287857663,-10.622769044936991,-13.546329115941399,44.74005153649948,-36.773416392345375,0.0,-1224.113338126805,-423.87887136458795,-1538.7762767033514,2077.91783553654
1.2400000000000007,18.91864913721412,-4.505382121047506,5.024575408059259,0.8310086151143565,4.92569553209886,0.0,15.563850749459498,-10.817932633480106,-11.61592535964916,44.73991216452592,-36.774510381857255,0.0,-1224.113338126805,-423.87887136458795,-1538.7762767033514,2077.91783553654
1.2600000000000007,19.25281965400268,-4.716885687915959,4.794736238410373,1.7258068619141262,4.190219485714952,0.0,17.853200929396227,-10.33242405336518,-11.367991605239435,44.73982838803093,-36.77983227122796,0.0,-1224.113338126805,-423.87887136458795,-1538.7762767033514,2077.91783553654
1.2800000000000007,19.62839702793684,-4.933932691227514,4.567789317162353,2.620603976542103,3.454633000142122,0.0,19.70453646401992,-11.3722762777903,-11.326700519562625,44.73878257030516,-36.784340009403586,0.0,-1224.113338126805,-423.87887136458795,-1538.7762767033514,2077.91783553654
1.3000000000000007,20.031935510352795,-5.17204749509033,4.3600591683741134,3.515379695223814,2.718946800815992,0.0,20.6493117775756,-12.439204108491214,-9.446314359261306,44.73914938254103,-36.783243777729446,0.0,-1224.113338126805,-423.87887136458795,-1538.7762767033514,2077.91783553654
1.3200000000000007,20.4370521735684,-5.413449365073398,4.1871767275626945,4.410163587384048,1.9833103335343871,0.0,19.862354543985084,-11.700982889815636,-7.841929721880547,44.74049438024675,-36.77570610262574,0.0,-1224.113338126805,-423.87887136458795,-1538.7762767033514,2077.91783553654
1.3400000000000007,20.816301171807876,-5.639836905009312,4.030680023159582,5.304975540494862,1.2478124986367796,0.0,18.062545279962283,-10.937771103775757,-7.80774071843075,44.74252686930184,-36.769998711819625,0.0,-1224.113338126805,-423.87887136458795,-1538.7762767033514,2077.91783553654
1.3600000000000008,21.155831362590554,-5.864611214730109,3.875755792821095,6.199826712732472,0.5124147569090294,0.0,15.890473798305504,-11.539659868304003,-7.684682315417984,44.74140005825012,-36.767885653068916,0.0,-1224.113338126805,-423.87887136458795,-1538.7762767033514,2077.91783553654
1.3800000000000008,21.461768150982916,-6.097737727988915,3.740055372690581,0.8114696360897522,6.0602427251821585,0.0,14.703205040930696,-11.772991457576543,-5.885359697633405,44.740722752021796,-36.767020604028104,0.0,-1224.113338126805,-423.87887136458795,-1538.7762767033514,2077.91783553654
1.4000000000000008,21.759926389191833,-6.315813329228946,3.6369781642167993,1.7062841740044563,5.324902746338825,0.0,15.112618779960957,-10.034568666426509,-4.422361149744762,44.74031562975901,-36.76795145012526,0.0,-1224.113338126805,-423.87887136458795,-1538.7762767033514,2077.91783553654
1.4200000000000008,22.08166801762219,-6.50146042563175,3.5446676762758718,2.6010905165433904,4.589561003897083,0.0,17.061544063074685,-8.53014097385394,-4.808687644348,44.74007091051241,-36.7738313414105,0.0,-1224.113338126805,-423.87887136458795,-1538.7762767033514,2077.91783553654
1.4400000000000008,22.445062692589243,-6.673093349428706,3.449087074138876,3.4958919455728843,3.8541053427830594,0.0,19.27792343363072,-8.63315140584167,-4.749372569351586,44.739923810231616,-36.780306789531814,0.0,-1224.113338126805,-423.87887136458795,-1538.7762767033514,2077.91783553654
1.4600000000000009,22.848037648042286,-6.839491399943724,3.368534251379956,4.3906904256867385,3.1185008603499096,0.0,21.01957211167379,-8.006653645660158,-3.3059097065403997,44.739835388271395,-36.78212522704033,0.0,-1224.113338126805,-423.87887136458795,-1538.7762767033514,2077.91783553654
1.4800000000000009,23.269818133433738,-6.976510572301529,3.308155618937774,5.285487134864656,2.3828665782100273,0.0,21.158476427471278,-5.69526359012033,-2.7319535376777653,44.739782237749424,-36.77807000795253,0.0,-1224.113338126805,-423.87887136458795,-1538.7762767033514,2077.91783553654
1.5000000000000009,23.67818621343972,-7.076427021854557,3.242371528624766,6.18028278013001,1.647317910060341,0.0,19.678331573126908,-4.296381365182544,-3.846455493623044,44.739750288888025,-36.77302381941784,0.0,-1224.113338126805,-423.87887136458795,-1538.7762767033514,2077.91783553654
1.520000000000001,24.05035265590625,-7.16227271127605,3.161731267879474,0.7918926487355531,0.9118650791114167,0.0,17.538312673526136,-4.288187576966834,-4.217570580906222,44.74033339671325,-36.769113464080434,0.0,-1224.113338126805,-423.87887136458795,-1538.7762767033514,2077.91783553654
1.540000000000001,24.383526244062512,-7.23848583057516,3.0848452351068154,1.686699348373084,0.1764853104497588,0.0,15.779046142100421,-3.333124352944117,-3.47103269635965,44.74008159017453,-36.76687711886976,0.0,-1224.113338126805,-423.87887136458795,-1538.7762767033514,2077.91783553654
1.560000000000001,24.693747272639932,-7.281038789588697,3.01072225629304,2.581500991631561,5.724335264652418,0.0,15.24305671564161,-0.9221715484097088,-3.9412651850179072,44.73993022976766,-36.7689696773365,0.0,-1224.113338126805,-423.87887136458795,-1538.7762767033514,2077.91783553654
1.580000000000001,25.010870756152595,-7.288445372798016,2.9124045698665433,3.4762996003658415,4.988978269291312,0.0,16.469291635624685,0.18151322747785437,-5.890503457631767,44.73983924705773,-36.775662686469076,0.0,-1224.113338126805,-423.87887136458795,-1538.7762767033514,2077.91783553654
1.600000000000001,25.361614443136343,-7.286788779562635,2.7868968156150657,4.371096386802483,4.253482273272052,0.0,18.605077062750276,-0.015853903939740288,-6.660271967516011,44.73978455727091,-36.78153766904285,0.0,-1224.113338126805,-423.87887136458795,-1538.7762767033514,2077.91783553654
1.620000000000001,25.754311681878004,-7.27795509925465,2.654791709281369,5.265892078488255,3.5178593151312683,0.0,20.664646811415928,0.8992219347382397,-6.550238665853633,44.73975168315652,-36.785486147249024,0.0,-1224.113338126805,-423.87887136458795,-1538.7762767033514,2077.91783553654
1.640000000000001,26.177676028508394,-7.2416034807461065,2.510337525889292,6.160687112346629,2.7821508804162676,0.0,21.671787851622955,2.735939916116113,-7.895179673354099,44.73973192246332,-36.78709128274515,0.0,-1224.113338126805,-423.87887136458795,-1538.7762767033514,2077.91783553654
1.660000000000001,26.604530146763384,-7.18391891439454,2.3262694768409413,0.7722964436868551,2.0464126496831483,0.0,21.01362397387619,3.032516719040584,-10.511625231480984,44.739720044268104,-36.78440989437964,0.0,-1224.113338126805,-423.87887136458795,-1538.7762767033514,2077.91783553654
1.680000000000001,27.00516662593907,-7.131353760747647,2.1063584800330784,1.6670908445977073,1.310748700810211,0.0,19.05002394369225,2.2239986456486913,-11.479474449305311,44.73971290425772,-36.77744584172967,0.0,-1224.113338126805,-423.87887136458795,-1538.7762767033514,2077.91783553654
1.700000000000001,27.36471126345693,-7.081441652398941,1.874851128286652,2.561885102692072,0.5752121410092261,0.0,16.90443980809373,2.767212189221867,-11.671260725337307,44.7397086123805,-36.772474517236496,0.0,-1224.113338126805,-423.87887136458795,-1538.7762767033514,2077.91783553654
1.720000000000001,27.687563283226748,-7.015034021770272,1.6227035525539102,3.45667927494301,6.122950363920025,0.0,15.380762168888142,3.8735508736450517,-13.543496847936876,44.739706032522676,-36.774668178989046,0.0,-1224.113338126805,-423.87887136458795,-1538.7762767033514,2077.91783553654
1.740000000000001,27.99809641110454,-6.944444236822877,1.3278575855436159,4.351473395594667,5.387474777798847,0.0,15.672550618890993,3.185427621094425,-15.941099853092558,44.73970448176379,-36.780630973401415,0.0,-1224.113338126805,-423.87887136458795,-1538.7762767033514,2077.91783553654
1.7600000000000011,28.329535390372477,-6.894121579136133,1.0007827369882276,5.246267485230376,4.6518700675434275,0.0,17.47134730790295,1.8468381475799454,-16.766385002446277,44.73970354959878,-36.7846082117922,0.0,-1224.113338126805,-423.87887136458795,-1538.7762767033514,2077.91783553654
1.7800000000000011,28.70090288311733,-6.856775540903069,0.6622985370637263,6.141061559999088,3.916182229441606,0.0,19.66540196658238,1.8877656757264667,-17.08203499000385,44.73961663888285,-36.78754968557996,0.0,-1224.113338126805,-423.87887136458795,-1538.7762767033514,2077.91783553654
1.8000000000000012,29.107175820228854,-6.817148822886328,0.30560753524401824,0.7526786253465882,3.1804331894400715,0.0,20.961891744569954,2.0749061259475767,-18.587065191966953,44.73513562350006,-36.78952640511698,0.0,-1224.113338126805,-423.87887136458795,-1538.7762767033514,2077.91783553654
1.8200000000000012,29.529212861923916,-6.792320002821988,0.0,1.6473829967130778,2.444642944073882,0.0,21.241812424936555,0.4079758804864886,-20.429779480598025,44.7369571044844,-36.79027838403957,0.0,-1224.113338126805,-423.87887136458795,-1538.7762767033514,2077.91783553654
